from cifo.algorithm.genetic_algorithm import GeneticAlgorithm
from cifo.algorithm.hill_climbing import HillClimbing
from cifo.custom_problem.travel_salesman_problem import (
    TravelSalesmanProblem, tsp_decision_variables_example, tsp_get_neighbors
)
from cifo.problem.objective import ProblemObjective
from cifo.algorithm.ga_operators import (
    initialize_using_random, initialize_using_hc, initialize_using_sa, initialize_using_greedy, initialize_using_multiple,
    roulettewheel_selection, rank_selection, tournament_selection,
    singlepoint_crossover, cycle_crossover, pmx_crossover, order1_crossover, heuristic_crossover, multiple_crossover,
    single_point_mutation, swap_mutation, insert_mutation, inversion_mutation, scramble_mutation, greedy_mutation,
    multiple_mutation,
    elitism_replacement, standard_replacement 
)    
from cifo.util.terminal import Terminal, FontColor
from cifo.util.observer import LocalSearchObserver
from random import randint
import numpy as np
from copy import deepcopy

from os import listdir, path, mkdir
from os.path import isfile, join
from pandas import pandas as pd

def plot_performance_chart(df):
    import plotly.graph_objects as go
    import plotly.express as px
    from plotly.subplots import make_subplots

    x = df["Generation"] 
    x_rev = x[::-1]
    y1 = df["Fitness_Mean"] 
    y1_upper = df["Fitness_Lower"]
    y1_lower = df["Fitness_Upper"]

    # line
    trace1 = go.Scatter(
        x = x,
        y = y1,
        line=dict(color='rgb(0,100,80)'),
        mode='lines',
        name='Fair',
    )

    trace2 = go.Scatter(
        x = x,
        y = y1_upper,
        fill='tozerox',
        fillcolor='rgba(0,100,80,0.2)',
        line=dict(color='rgba(255,255,255,0)'),
        showlegend=False,
        name='Fair',
    )

    trace3 = go.Scatter(
        x = x,
        y = y1_lower,
        fill='tozerox',
        fillcolor='rgba(0,100,80,0.2)',
        line=dict(color='rgba(255,255,255,0)'),
        showlegend=False,
        name='Fair',
    )

    data = [trace1]
    
    layout = go.Layout(
        paper_bgcolor='rgb(255,255,255)',
        plot_bgcolor='rgb(229,229,229)',
        xaxis=dict(
            gridcolor='rgb(255,255,255)',
            range=[1,10],
            showgrid=True,
            showline=False,
            showticklabels=True,
            tickcolor='rgb(127,127,127)',
            ticks='outside',
            zeroline=False
        ),
        yaxis=dict(
            gridcolor='rgb(255,255,255)',
            showgrid=True,
            showline=False,
            showticklabels=True,
            tickcolor='rgb(127,127,127)',
            ticks='outside',
            zeroline=False
        ),
    )
    fig = go.Figure(data=data, layout=layout)
    fig.show()

# Problem
#--------------------------------------------------------------------------------------------------
# Decision Variables
input1 =[
        [0, 2451, 713, 1018, 1631, 1374, 2408, 213, 2571, 875, 1420, 2145, 1972],
        [2451, 0, 1745, 1524, 831, 1240, 959, 2596, 403, 1589, 1374, 357, 579],
        [713, 1745, 0, 355, 920, 803, 1737, 851, 1858, 262, 940, 1453, 1260],
        [1018, 1524, 355, 0, 700, 862, 1395, 1123, 1584, 466, 1056, 1280, 987],
        [1631, 831, 920, 700, 0, 663, 1021, 1769, 949, 796, 879, 586, 371],
        [1374, 1240, 803, 862, 663, 0, 1681, 1551, 1765, 547, 225, 887, 999],
        [2408, 959, 1737, 1395, 1021, 1681, 0, 2493, 678, 1724, 1891, 1114, 701],
        [213, 2596, 851, 1123, 1769, 1551, 2493, 0, 2699, 1038, 1605, 2300, 2099],
        [2571, 403, 1858, 1584, 949, 1765, 678, 2699, 0, 1744, 1645, 653, 600],
        [875, 1589, 262, 466, 796, 547, 1724, 1038, 1744, 0, 679, 1272, 1162],
        [1420, 1374, 940, 1056, 879, 225, 1891, 1605, 1645, 679, 0, 1017, 1200],
        [2145, 357, 1453, 1280, 586, 887, 1114, 2300, 653, 1272, 1017, 0, 504],
        [1972, 579, 1260, 987, 371, 999, 701, 2099, 600, 1162, 1200, 504, 0],
    ]
input = [
    [0,36.96584005,51.47535512,81.37883643,67.09706382,96.25912034,33.37095504,49.05139087,82.42814829,17.53944615,28.60425589,51.23577205,81.61379496,51.51224221,49.22279957,42.77989519,52.41229411,8.559339301,29.73906448,81.02061035,47.6395033,57.71653277,58.75682446,62.03784071,31.25151882,50.1453012,24.63358841,18.94551955,30.25790504,85.21792873,36.85186187,56.53666255,62.03497797,37.68030795,16.01323158,63.58061167,63.59738826,62.15986186,23.10591688,37.37057763,8.517827435,58.29133094,69.49677904,87.08357383,34.45822295,25.69816455,34.67118709,66.44842139,85.07076451,23.63220219,17.29653852,32.6772139,71.67238993,31.40561027,74.5859657,13.37462792,74.65274849,68.78350664,28.32893632,16.45723427,40.79505789,32.14446993,22.8157847,61.17311404,67.85584464,50.50121842,17.32224642,69.64537022,8.58156977,67.23338249,38.25387274,72.79577656,45.89074932,62.00721071,21.98649411,45.34735754,23.43343436,64.20771523,40.49933354,33.55673111,49.24624472,80.86344475,47.42370856,61.25720927,57.6628477,77.27561713,51.02315985,74.39466341,48.992992,55.93722702],
    [36.96584005,0,61.91619178,85.79358509,56.34475438,68.71598221,4.09671684,36.54433609,93.72104677,44.14412909,26.24710648,19.03207804,64.5753318,27.03707842,25.97304705,6.288581842,24.73396593,45.43488009,16.97199729,53.72595597,62.78665591,62.66049676,29.58502223,68.28070695,61.67825794,38.42329848,60.23006801,37.50720546,54.44740046,55.15306618,73.80628982,47.35539658,66.44844157,73.28046004,52.53609876,42.98509658,56.44437672,45.2803504,59.30269394,31.97786358,45.30930669,27.20468134,63.6108007,55.78010425,70.4261779,15.74337821,47.21292078,74.88684535,92.9748268,16.96133125,31.60291136,5.074596635,85.38521764,54.70583033,61.30430838,47.80276173,69.84275638,76.85850099,65.22136526,46.8267315,22.40937611,57.95619821,14.16705865,38.74170375,47.70704542,62.00538466,43.02981561,36.79869334,36.12941277,45.68338293,28.53063986,47.58183111,67.32112581,65.51898315,56.29357404,67.25267976,59.14111513,28.71109276,28.38619482,36.2971628,12.36567547,89.48057197,69.15888966,32.97194384,70.14129461,88.05203116,67.93350969,78.96061085,46.92748861,30.70635332],
    [51.47535512,61.91619178,0,30.12739296,34.32168728,77.5059462,61.5682967,34.02388454,32.4626629,34.82777207,35.89770585,80.87587171,50.98237406,88.0571181,47.40236359,67.33435037,53.43310071,51.21862313,69.14400337,66.21221522,7.704441461,9.593636341,57.4876327,11.33612019,35.13486982,32.84725272,48.04081167,33.01855188,25.45017471,74.07837052,63.69004377,29.24684645,12.77136775,52.8532566,58.65344852,46.76357494,28.00948541,41.06769324,50.23083385,30.7481669,54.3915391,89.01432619,29.07080451,77.90618437,53.2270194,47.57798198,17.18198031,14.99119164,33.78825151,62.82597756,37.2387574,57.39802441,23.46906511,23.96565857,41.55026146,61.56812262,31.04718986,17.31950789,57.5602719,66.80842471,43.10727162,26.88431343,55.80029958,48.55206336,47.82748521,1.756097224,34.63436043,69.43283815,59.80526894,49.58840516,82.08238552,57.8575155,18.53404505,13.64674759,43.58962278,19.35438187,65.47198371,72.36893294,36.32124112,25.65451483,70.73797899,29.68527208,19.45055536,57.1279573,8.299614076,26.8990232,11.25378185,23.36537322,20.04259069,50.95819548],
    [81.37883643,85.79358509,30.12739296,0,37.21722808,76.48807317,86.43915517,50.8763981,16.95722606,64.95087496,61.83589079,103.8634962,47.30436892,112.7980726,64.8761096,90.24285873,70.22633254,81.34434756,96.0442537,70.3880371,35.78202274,24.24507559,71.96946167,19.37521169,63.37526204,49.05400159,77.08824341,62.62519364,55.05226011,78.88788215,91.63491725,40.90806144,19.9825785,79.72543295,88.66544299,55.93476365,32.96766048,49.91345665,79.48902462,54.04525819,84.51888691,111.6741138,27.21850364,83.20502139,80.80726257,73.57781442,46.73164905,15.77474108,9.952222922,90.22073739,66.17762274,81.99956364,21.62870557,53.5661923,39.74527651,91.69545258,22.63249346,13.56114691,86.40797705,96.908213,64.07557403,55.81968779,82.72565019,59.69642067,54.29393411,31.35794367,64.73513554,81.5395926,89.56859859,57.03539385,109.3865792,64.25980069,43.76726745,20.56223307,73.00400991,44.69897732,95.295789,88.01495982,57.5493408,51.90873636,92.09652621,9.872316245,43.60848828,70.22414233,26.07082464,14.63480364,35.16985029,7.105278528,38.86753431,65.57023747],
    [67.09706382,56.34475438,34.32168728,37.21722808,0,43.59366384,58.29161593,20.31675998,51.67686132,56.11335592,39.58953826,72.13101415,16.99604614,82.70502943,31.40835035,59.25143367,35.61861625,70.96491807,70.4389576,34.21788459,41.53797188,26.00616209,35.92765333,29.42793491,64.73610319,18.59220295,74.6919135,49.67898839,53.3220593,42.64267312,91.63981465,10.59793698,26.05816786,82.95220875,79.88302257,18.92064634,6.346555621,13.21973692,76.07302332,30.20892423,73.44068499,79.26934489,10.0022536,46.85364962,82.36870577,48.9125185,38.69088846,35.5394843,46.8328863,66.15335728,49.80804838,53.93180439,49.27624405,52.12712667,7.97355102,80.06310262,15.4835237,36.05691643,83.99093755,83.48826871,34.17726096,56.27310949,58.49661182,23.04740214,17.10135502,35.93888128,55.2538331,44.49069143,73.40127474,19.81843985,83.67740667,27.25070344,52.34515721,24.41151696,69.55450444,53.06277272,87.67367524,51.82744073,29.64281404,33.75771598,59.40666597,45.0567817,53.50509341,33.7103468,39.54346114,46.88289588,45.56794452,32.53430646,19.51990277,30.04357507],
    [96.25912034,68.71598221,77.5059462,76.48807317,43.59366384,0,72.47243672,50.06228402,92.81301887,91.26418592,68.41680842,74.93333561,29.23631172,87.1278692,47.14876994,67.41423968,45.09209506,102.6764506,85.68646696,15.3530153,84.31054248,69.58238422,39.33680693,72.90228637,103.9528975,49.87227468,111.1125908,83.41081452,92.56036134,14.8811854,127.9588518,49.00461456,69.53351239,121.5018726,111.6208805,34.00677791,49.90513048,37.95185423,111.7774078,61.53131213,104.2571439,78.72248755,51.74422784,16.94546442,120.1748139,71.49495035,77.77226649,78.64004368,86.42265386,84.66437298,80.87124749,69.65293466,92.22185505,91.64501695,37.78068492,109.5271755,54.35690276,78.83191575,119.5276078,110.941469,55.47124348,96.01940891,78.72671487,35.35327344,30.94460191,79.0296676,90.15543841,33.83137551,99.73565532,30.33959232,96.16046994,23.53771557,94.80882302,67.89447183,105.9444089,95.4344487,119.4173287,44.99278733,56.58403582,68.42130935,63.25393012,85.75545489,96.14809699,36.15160615,83.1269977,88.71627873,88.73319996,73.76075343,59.53302641,40.51150177],
    [33.37095504,4.09671684,61.5682967,86.43915517,58.29161593,72.47243672,0,38.19208399,93.67680502,41.62607878,25.67283055,20.3149458,67.31937837,26.56554161,28.70620141,9.410360624,28.07408411,41.89251044,13.37334085,57.39654209,61.93721037,62.9398976,33.21825803,68.51120096,59.14009647,40.03969311,57.008972,35.41500084,52.45823092,59.05264616,70.21903725,48.92956631,66.85341664,70.10585675,48.76854456,45.83770249,57.9804223,47.73541567,55.9675217,32.39998875,41.62245928,28.39793514,65.12415772,59.76260244,67.17055105,14.28932418,46.23800466,74.96773527,93.30010409,12.86792308,29.44086153,4.476357764,84.99776738,52.81478252,63.60787391,43.88788493,71.32307909,77.00439692,61.68779028,42.78372004,24.12024212,55.86760893,10.59215285,41.73344219,50.58600584,61.54158951,40.55149516,40.82286591,32.16340907,48.69057054,25.68847215,51.00757633,65.85910942,66.00931437,53.23456125,65.73735032,55.25477018,32.80407705,29.53878797,35.92848429,15.90024322,89.69753364,67.68897081,36.5541143,69.7087206,88.01687463,66.97812302,79.51886225,47.62984302,33.87317717],
    [49.05139087,36.54433609,34.02388454,50.8763981,20.31675998,50.06228402,38.19208399,0,61.63440847,41.3909688,20.52847865,53.48391436,32.67777145,63.35132466,14.21943136,40.10190957,20.00334258,54.18856524,50.13586611,36.02798386,38.73912257,30.42124467,23.48964941,35.88279059,54.09966051,1.892680154,61.15423517,33.77226909,42.8577365,42.71308346,78.08950408,10.81667845,33.22251871,71.45892057,63.24661711,16.06269698,19.90780727,13.19480763,61.95526826,11.91952342,56.24859066,61.07914101,27.07554054,46.01127832,70.11458966,28.71794353,28.43858182,42.91902081,59.15483093,45.86755716,32.22362479,33.77804063,55.640096,42.06882907,26.61506862,62.36441381,33.31476815,44.42823553,69.79264411,65.08394915,14.14059573,46.45454243,38.24222087,15.84473767,19.52302462,34.98391461,40.3219133,35.45282164,54.48583033,19.72472768,63.41211685,27.14985362,47.85222188,31.91212405,55.96705788,48.28387172,71.13180141,38.78975634,9.423436624,18.36319692,41.32821609,56.22774898,49.4715299,23.15657816,41.85106319,56.11258746,43.96025898,44.51508698,14.1796579,16.93508883],
    [82.42814829,93.72104677,32.4626629,16.95722606,51.67686132,92.81301887,93.67680502,61.63440847,0,65.02569706,68.09826375,112.4824753,63.57783926,120.2342558,75.84651745,98.82565712,81.60332591,80.62202689,101.6046475,85.69069682,34.80190914,31.49866369,84.28859349,25.87462116,58.88908526,59.98301959,73.04226603,64.81087282,53.18749698,94.17626033,85.55411429,52.98763436,28.41336895,72.90526152,86.73121337,69.59013644,46.45825372,63.43285275,75.72615848,61.86998035,83.89457611,120.5393616,41.98620315,98.43779011,74.67323263,79.88040999,49.37719374,18.95085851,8.449825262,95.28265717,69.46446101,89.40400475,11.33995507,51.80792407,55.44155076,90.88526727,38.4798688,17.22909914,81.71893723,96.64328971,73.40239426,52.78316896,88.2531548,72.86163299,68.65689959,32.87719683,65.12581247,94.85899785,90.96126766,71.22100427,114.5305542,78.91356287,38.85387076,29.76767626,69.78714641,39.68852345,92.46168147,100.1442727,66.58122986,57.80602505,101.6027762,7.144220362,38.00030628,83.0050743,24.99261514,5.669493281,31.72658997,19.2460315,48.00984528,77.69760707],
    [17.53944615,44.14412909,34.82777207,64.95087496,56.11335592,91.26418592,41.62607878,41.3909688,65.02569706,0,24.1431118,61.64689134,72.14173135,64.66798108,46.59200799,50.43120356,51.35317466,16.46243063,42.99583475,76.68690015,30.32050654,42.07389798,57.54551886,45.83151431,17.53574573,41.8968331,19.87753543,8.129597631,12.91176976,82.34379,36.710848,46.09750793,46.28265837,31.38250647,24.54656419,57.31678464,51.52780656,54.33730542,20.56469547,29.73287385,19.58488,69.46159011,56.47553816,84.96858051,29.41009684,28.94002318,19.12234405,49.63711927,68.00087288,36.24130242,12.9558554,39.11595946,54.18085473,13.95199625,64.01157447,26.76649487,60.94002097,51.97558235,28.42342284,32.01022601,38.2561172,15.37049574,31.87973472,56.1029176,60.90776411,33.67834624,1.21148597,69.72638468,26.12101454,61.02269334,53.79033078,67.91962912,28.5050947,46.49872896,14.76581969,28.01603972,32.01880962,67.01549648,35.03695856,23.2064086,56.17644338,63.75320089,30.10439663,59.23349458,40.44326362,59.95979591,33.5067342,58.11563544,36.74628412,53.02684118],
    [28.60425589,26.24710648,35.89770585,61.83589079,39.58953826,68.41680842,25.67283055,20.52847865,68.09826375,24.1431118,0,45.27918233,53.19589251,52.17175995,22.5152128,32.01024505,27.22372482,34.31792974,34.20865267,53.42969233,36.55093549,37.83579719,33.40256929,43.28593417,40.1926705,21.75238374,43.74861234,16.02043472,30.69122099,58.5617639,60.11732626,29.03235452,41.9359784,55.51930828,43.32628702,35.1182889,37.13839688,33.56779616,43.98379573,9.404353633,36.10410678,53.45156166,43.80235329,61.00871794,53.51963793,11.83741967,21.08734904,49.52638721,68.09736049,28.53427595,12.4712982,21.55753605,59.32634532,30.55916426,46.66859853,41.96272138,49.62249792,51.62746901,51.5006253,44.55554257,14.11408073,34.45364333,20.92524672,33.07425564,39.29569461,35.87624728,22.9421972,45.62108817,34.01778634,38.80642773,47.57493599,44.88155204,41.72652147,41.27367946,38.78100329,41.76456306,51.18038272,43.66465309,11.97303822,10.29224231,36.32535403,64.36477138,43.56301625,35.15148147,44.04022611,62.45048397,41.73238314,54.7871948,23.98383968,29.06494692],
    [51.23577205,19.03207804,80.87587171,103.8634962,72.13101415,74.93333561,20.3149458,53.48391436,112.4824753,61.64689134,45.27918233,0,77.49027672,12.20190133,40.72365041,13.67682718,37.15183638,59.73405371,22.5771438,61.42067875,81.81483661,81.22482964,39.53922617,86.87025632,79.07198716,55.37172386,75.70414385,55.69742364,72.74923249,60.19854668,87.3905677,64.18576479,84.87671156,88.82262183,65.27592373,56.17688538,73.20189638,59.85410819,74.32961036,50.6151472,58.79832547,8.173920439,80.32260142,59.42834956,85.67356705,34.46195397,66.21646994,93.58432755,111.4102904,27.69945222,49.7155111,23.85707394,104.3408145,73.1232539,75.9399862,59.38001356,86.55778533,95.49917098,79.21929067,56.60343519,39.7984275,76.12523042,29.83663864,51.56150288,60.57478696,81.00030396,60.61177719,41.10383398,47.68355252,58.06005941,24.9841031,57.5142413,86.1244348,83.85965862,72.36862732,86.01862283,70.67550115,30.03295003,46.34813522,55.29751161,12.99757915,108.0317102,87.9574932,42.91845687,89.12193016,106.8140112,86.94915876,97.16755962,65.14645001,43.31765491],
    [81.61379496,64.5753318,50.98237406,47.30436892,16.99604614,29.23631172,67.31937837,32.67777145,63.57783926,72.14173135,53.19589251,77.49027672,0,89.06129619,38.63293845,66.01881354,40.60301617,86.27337468,80.35374061,24.92602638,58.35656759,42.16899925,38.13660519,44.71071308,81.61447937,31.47820168,91.15837995,65.22565249,70.16279388,33.0618978,108.1631675,26.07171551,41.39493672,99.79531609,95.2964141,21.63344792,23.08103863,20.09405404,92.40240724,44.24824763,88.53280155,83.64665723,23.09670909,37.38046427,99.1080403,60.64692812,55.40945714,49.95618614,57.25179469,77.0964338,64.54694733,63.31901799,63.34442896,69.0004293,9.440820741,94.85641515,25.14248603,49.95720448,100.3302194,97.74186337,44.32795286,73.18743867,69.78316218,26.08763168,17.00307717,52.64683151,71.20806521,42.11941586,87.15948459,19.43021798,92.98815103,22.13197639,69.21350848,39.79936276,85.98455778,69.95046864,103.1581144,52.02078003,41.80994593,49.18154626,64.49973345,56.51973172,70.31903551,34.93678484,55.50444351,59.53548371,62.16705935,44.56357224,36.1473593,34.37176642],
    [51.51224221,27.03707842,88.0571181,112.7980726,82.70502943,87.1278692,26.56554161,63.35132466,120.2342558,64.66798108,52.17175995,12.20190133,89.06129619,0,51.47837328,23.46106833,48.49719712,59.58052824,21.90364274,73.59763755,88.07110794,89.46984158,51.37878858,95.05546887,81.5226969,65.24167349,76.06739602,59.89354101,76.72730703,72.37666542,85.76528821,74.16185681,93.34107608,88.963191,63.61636196,67.56977021,83.24793491,70.86005967,74.30249464,58.84724264,58.01981003,11.18259065,90.41243635,71.53117183,85.58435062,40.51500289,72.33240969,101.5326416,119.825443,28.5157592,54.00584457,30.90529083,111.4414079,77.31747234,87.00140895,57.11118733,96.65636344,103.5646263,78.13844687,53.21899332,49.29322132,79.80389074,33.41163564,63.00833211,72.07774852,87.97477181,63.76930929,53.30119723,46.14539857,69.65781642,17.24209904,69.50658293,91.09933215,92.45647888,73.42821083,90.87745424,67.90111298,42.19299662,55.41874692,62.45391801,24.75329066,116.2492147,92.89853464,54.80077347,96.14571838,114.576373,92.97500279,105.9332831,73.93204535,54.72147414],
    [49.22279957,25.97304705,47.40236359,64.8761096,31.40835035,47.14876994,28.70620141,14.21943136,75.84651745,46.59200799,22.5152128,40.72365041,38.63293845,51.47837328,0,28.03714239,6.039546399,56.0180331,41.86153342,31.84046402,51.23725264,44.55455077,11.23996338,50.0617232,61.90526799,15.93201048,66.26357282,38.46398485,51.47162885,36.22507275,82.57246787,24.09914333,47.43770617,77.91162827,64.82378081,17.14386686,32.85342605,19.44036816,66.47268753,18.92843595,57.3735974,47.91770635,39.8623748,38.52049015,75.99861591,24.42334677,38.58132712,57.09176475,73.31892669,39.18314142,34.79463581,24.81787863,69.63303235,51.00631508,35.57067353,62.42333583,46.05420463,58.63277647,73.91690943,63.81361902,8.556791469,55.24588765,32.39251633,13.23801035,21.89826192,48.17172314,45.40068999,23.78215757,52.62908978,20.14722763,54.3574184,23.93835979,59.30621344,46.13154504,61.28285282,59.60077375,72.53476327,24.96682566,12.52238966,26.55495701,28.03804869,70.43632237,61.04059265,12.6426726,55.46866702,70.31329117,56.58831363,58.63999673,28.11631627,6.721991448],
    [42.77989519,6.288581842,67.33435037,90.24285873,59.25143367,67.41423968,9.410360624,40.10190957,98.82565712,50.43120356,32.01024505,13.67682718,66.01881354,23.46106833,28.03714239,0,25.44937494,51.30285843,19.4433461,52.84433101,68.54132999,67.54882711,29.2223344,73.19491251,67.96582705,41.99445921,66.34089889,43.77298567,60.68429261,53.30653379,79.62551903,50.87696837,71.20256879,79.41802403,58.11359601,44.41402369,59.94209237,47.45264561,65.34378553,36.95573012,51.01043514,21.72008198,67.09438115,53.46182747,76.51947191,21.95270208,53.07667675,79.91842597,97.73802215,21.32478847,37.88086207,11.34800082,90.78395263,60.92017626,63.59404498,53.0830108,73.33926811,81.82646537,71.09814261,51.64414306,26.23085107,64.21046946,19.99643125,39.93552164,49.01812003,67.50803443,49.31796912,34.36824279,41.28979698,46.73696255,28.74968289,47.54473864,73.38188735,70.19200182,62.47818919,73.33517016,64.47949806,25.00815855,32.70171479,41.84615526,6.57799819,94.35488298,75.22119806,32.69469072,75.60179631,93.1581319,73.74147312,83.52018256,51.48559479,31.66727078],
    [52.41229411,24.73396593,53.43310071,70.22633254,35.61861625,45.09209506,28.07408411,20.00334258,81.60332591,51.35317466,27.22372482,37.15183638,40.60301617,48.49719712,6.039546399,25.44937494,0,59.65661314,41.44721601,29.78168242,57.26022654,50.41907264,6.36749395,55.88488612,67.15051129,21.6205071,70.7908833,43.23987214,56.9540204,32.9042152,86.80868221,29.32082261,53.19174178,82.73533982,68.26761527,19.07459239,37.76235636,22.85122048,70.82869695,24.71586099,60.75681163,43.87197441,44.59882895,34.67494271,80.67773505,26.89054804,44.40353726,62.92173281,78.85543303,39.72324125,39.10650463,24.78695314,75.57418572,56.55375788,38.83317897,65.36141287,50.70003783,64.41395914,78.09866129,66.23267784,13.16538865,60.73961987,33.63577589,14.51984392,23.60164947,54.2096828,50.14843873,18.41521817,54.99430225,21.28781746,53.21444103,22.94136663,65.22364009,51.84824276,65.90867476,65.50035467,75.84155051,18.9379438,18.2967151,32.2647524,24.18586114,76.07207134,66.96920678,9.01156842,61.48340901,76.10055527,62.61515247,64.13596726,34.04965709,6.231497522],
    [8.559339301,45.43488009,51.21862313,81.34434756,70.96491807,102.6764506,41.89251044,54.18856524,80.62202689,16.46243063,34.31792974,59.73405371,86.27337468,59.58052824,56.0180331,51.30285843,59.65661314,0,37.98818326,87.5803858,46.28540115,58.52079224,66.02390356,62.28169901,25.48423437,55.06775285,16.54288132,21.31414443,27.45184343,92.21633533,28.38094234,60.58604319,62.74046684,29.39122848,9.058064475,69.3942478,66.87603158,67.38328885,14.73684119,42.28234808,3.275658063,66.69477667,72.25570962,94.28830054,26.06954266,33.39817849,35.47487686,65.92281255,84.06604769,32.07188887,22.00623411,41.04271026,69.53721923,28.81536815,78.69791455,10.36714836,76.98735638,68.25675872,19.79596435,16.0442723,47.47880852,28.39829223,31.31640779,67.36842137,73.45706587,50.01319941,16.84971034,77.27968899,14.16907854,73.09479318,45.50920305,79.14098779,42.62847895,62.93719486,14.82835849,41.95793057,16.94323656,72.31376878,46.27056645,37.23725892,57.74653557,79.79165302,43.96041711,68.3405345,56.46048714,75.74970281,48.89766393,74.54581467,52.05453573,62.7329447],
    [29.73906448,16.97199729,69.14400337,96.0442537,70.4389576,85.68646696,13.37334085,50.13586611,101.6046475,42.99583475,34.20865267,22.5771438,80.35374061,21.90364274,41.86153342,19.4433461,41.44721601,37.98818326,0,70.68778037,68.15923203,71.99227053,46.52728895,77.37194199,59.65920407,51.91048602,54.36390452,38.84481352,55.3385333,72.04015407,65.05974979,60.61798991,76.12895969,67.36043299,42.87372079,59.00261903,69.51493014,60.55517697,52.72110194,42.52949314,36.70176786,28.86292382,76.56139855,72.51274487,64.05725806,22.55740061,52.57023708,83.39417632,102.1298714,6.776196518,33.16785742,17.04939671,92.12039297,56.03013405,76.19041669,36.83413638,82.65995718,85.56198171,57.06857864,34.08473252,36.44974996,58.26429755,13.38738466,54.99175866,63.75820513,68.81910098,42.15104009,53.44099944,25.22946577,61.94540263,13.45088892,64.38047937,70.14097201,75.48213955,51.57047207,69.84878175,48.10271094,44.44753771,40.98492289,44.25553882,25.52194391,98.29992635,71.90471764,49.88918494,76.91867761,96.01841079,72.78963632,88.99142027,57.8373748,47.21524899],
    [81.02061035,53.72595597,66.21221522,70.3880371,34.21788459,15.3530153,57.39654209,36.02798386,85.69069682,76.68690015,53.42969233,61.42067875,24.92602638,73.59763755,31.84046402,52.84433101,29.78168242,87.5803858,70.68778037,0,72.4688534,59.25667118,24.18016904,63.33112485,90.12336825,36.12926825,96.56439929,68.72428744,78.87700306,8.502714444,113.2909538,36.99524889,59.9932439,107.3407975,96.4829317,20.17976313,40.07707459,25.24452092,97.10188548,47.03437328,89.08342682,66.00806032,43.70483815,12.81905506,105.8434992,56.15031981,64.3173973,69.68434194,80.26777022,69.43843684,65.90098024,54.4416989,83.43073202,78.06233916,30.69133669,94.25575598,47.75932434,70.2680168,104.7779101,95.60278578,40.22753703,82.45006457,63.4034301,20.58796947,18.38487265,67.59619223,75.55192032,20.94139977,84.39191365,16.83677737,81.55751664,8.8781391,82.56323054,58.35282869,91.43153972,83.11358458,104.2502301,32.20689882,41.74614401,54.21216857,49.18838281,78.89951661,84.02712866,20.9027895,72.65751306,81.03855073,77.23633225,66.45315552,47.0695164,25.17666698],
    [47.6395033,62.78665591,7.704441461,35.78202274,41.53797188,84.31054248,61.93721037,38.73912257,34.80190914,30.32050654,36.55093549,81.81483661,58.35656759,88.07110794,51.23725264,68.54132999,57.26022654,46.28540115,68.15923203,72.4688534,0,17.29226569,61.84556102,18.29134983,28.01020448,37.8262404,41.39303121,30.21613674,19.32632513,80.11403479,56.5646103,35.52872466,20.23114455,45.41702373,53.11705964,52.6491023,35.29361644,47.22484726,43.73798389,33.25952935,49.53224979,89.9887052,36.72769402,83.80778849,45.95963346,47.67606105,15.73880271,20.02909663,37.78068639,61.59891954,35.25041159,58.01064061,24.30502461,17.85029858,48.95147709,56.63848697,38.73540627,22.31115973,50.80925951,62.1930023,45.89356261,20.09451674,55.05215376,53.98364816,54.1413242,5.94859768,30.36291416,74.10498968,56.16244907,55.68996605,80.65659655,63.92147515,10.90023522,21.23880167,37.22427283,11.69091797,59.56414433,76.06208879,39.36925392,26.86981009,72.53384817,33.50731012,11.96825494,61.8484927,10.17554353,29.64882139,5.378550746,29.48409483,25.51473195,55.48401863],
    [57.71653277,62.66049676,9.593636341,24.24507559,26.00616209,69.58238422,62.9398976,30.42124467,31.49866369,42.07389798,37.83579719,81.22482964,42.16899925,89.46984158,44.55455077,67.54882711,50.41907264,58.52079224,71.99227053,59.25667118,17.29226569,0,53.60142471,5.653098271,44.40362725,28.87969241,56.88243946,38.8031046,34.1749497,67.40954811,72.87405967,23.10523353,4.336273539,62.29643726,66.44062129,40.70746827,19.67804913,34.68195008,58.93134828,30.68315663,61.58316575,89.22579248,19.70001829,71.41698315,62.5439722,49.65260451,23.14901331,12.58042421,30.36024419,66.06157244,42.03139885,58.56516833,25.36813519,32.72153396,32.73941118,68.74911082,21.45642931,14.31817098,66.44432748,73.6286078,41.91735793,36.00310878,58.63193167,43.20729777,41.01060949,11.34870487,41.68327077,64.88323697,65.71788877,43.10613371,85.27487943,51.30839192,28.05093017,4.45419603,52.23265248,28.89193669,73.56000314,69.18462349,35.11105945,27.7540973,70.13804123,26.82327619,28.85956963,52.70661739,13.54586909,25.88191364,20.22978013,17.14009925,16.53366803,46.97351916],
    [58.75682446,29.58502223,57.4876327,71.96946167,35.92765333,39.33680693,33.21825803,23.48964941,84.28859349,57.54551886,33.40256929,39.53922617,38.13660519,51.37878858,11.23996338,29.2223344,6.36749395,66.02390356,46.52728895,24.18016904,61.84556102,53.60142471,0,58.89201298,73.10444919,24.82356559,77.06378766,49.42041596,62.71135546,26.6765532,93.14259316,31.35529199,56.00766575,88.91683057,74.62709763,17.63442951,39.05457479,22.71786629,77.13936056,30.11999149,67.11404898,45.51050551,45.48932464,28.3272172,86.91012921,33.18369753,49.709192,65.91189225,80.96947444,45.33034156,45.4085176,30.31729512,78.94555973,62.24435156,37.84665244,71.66617498,51.36208826,67.24188857,84.43844621,72.43103849,19.2898948,66.48584769,39.57858342,13.0657049,21.52251677,58.39804387,56.34473999,12.55545902,61.19453258,18.80486909,57.69907793,18.32672978,70.27852223,54.57052172,72.1527806,70.60526326,82.18884763,16.04792918,23.73929225,37.76805096,26.63422845,78.44217153,71.98825461,3.473104442,65.33961031,78.89774663,67.15078614,66.22941257,37.64940945,6.627974548],
    [62.03784071,68.28070695,11.33612019,19.37521169,29.42793491,72.90228637,68.51120096,35.88279059,25.87462116,45.83151431,43.28593417,86.87025632,44.71071308,95.05546887,50.0617232,73.19491251,55.88488612,62.28169901,77.37194199,63.33112485,18.29134983,5.653098271,58.89201298,0,46.24978258,34.29028747,59.34312402,43.25281486,36.78472159,71.61220255,74.81991987,27.99104606,3.37150965,63.68712233,69.88500035,45.37827511,23.29193995,39.26731323,61.55629112,36.30817277,65.41568383,94.87577513,21.6558735,75.70176085,64.24776522,55.11902278,27.37230655,7.038273386,24.81873552,71.35823043,46.85270021,64.1506069,20.36942679,35.29936308,35.42117067,72.59725672,21.79702261,8.66955737,68.84498073,77.68796265,47.56346924,38.12568098,63.99396403,48.13624028,45.30166248,12.85884338,45.55194321,69.96623287,70.19929446,47.55536298,90.60377791,55.6602716,28.27422218,5.016833776,54.92245577,29.17880861,76.77359018,74.57975077,40.76145634,33.11819108,75.78774544,21.20191839,28.74052772,57.86840565,11.30062309,20.27983563,19.76350972,12.35688762,22.13534975,52.2676687],
    [31.25151882,61.67825794,35.13486982,63.37526204,64.73610319,103.9528975,59.14009647,54.09966051,58.88908526,17.53574573,40.1926705,79.07198716,81.61447937,81.5226969,61.90526799,67.96582705,67.15051129,25.48423437,59.65920407,90.12336825,28.01020448,44.40362725,73.10444919,46.24978258,0,54.11868494,14.15354277,24.75180994,11.49408812,96.53014154,28.57108367,56.00551012,47.90287058,18.24952351,28.99751767,70.09774538,59.14564488,66.08932991,16.86814001,43.5706143,28.51139951,86.80930267,62.44709325,99.52226962,18.14762426,46.38295605,26.38747341,47.64062116,63.81943007,53.00817778,30.29506479,56.64529777,47.54922608,12.61407833,72.66901621,34.49302365,65.56519614,49.8149951,23.09876361,40.73728688,53.9994212,8.551633652,49.24579588,69.72325098,73.03484281,33.47919647,18.65130624,85.54694951,39.09455435,73.68681741,69.40356026,81.24608235,20.13122776,48.69532735,11.52273275,19.25659709,33.79921807,83.76802524,49.63827426,36.05450287,73.67626617,59.55315587,20.88887842,74.38794983,37.30449569,54.72209858,28.30250066,57.37445258,45.54075609,67.95880917],
    [50.1453012,38.42329848,32.84725272,49.05400159,18.59220295,49.87227468,40.03969311,1.892680154,59.98301959,41.8968331,21.75238374,55.37172386,31.47820168,65.24167349,15.93201048,41.99445921,21.6205071,55.06775285,51.91048602,36.12926825,37.8262404,28.87969241,24.82356559,34.29028747,54.11868494,0,61.56979046,34.42246454,42.79133022,43.05771014,78.54604703,8.932641124,31.57125831,71.6409426,64.12171295,15.99504306,18.02337083,12.44952112,62.45248708,12.81796061,57.20261479,62.95729536,25.19098197,46.47046133,70.38733249,30.34912434,28.19079897,41.32853786,57.39363906,47.56159501,33.1725315,35.61728702,54.16629328,41.94690126,25.09378727,63.41735362,31.42854203,42.79596799,70.31984035,66.27053263,16.01559138,46.33434781,39.91175035,16.32205873,19.08825264,33.87165402,40.8540514,36.58761643,55.76465122,19.56848339,65.20954021,27.26652786,47.17257887,30.23309714,56.37280871,47.63468965,72.00479217,40.30578585,11.05617646,18.72926838,43.19451337,54.50788342,48.75899467,24.28383238,40.56185726,54.48285095,42.99116066,42.73204055,12.85938108,18.21817412],
    [24.63358841,60.23006801,48.04081167,77.08824341,74.6919135,111.1125908,57.008972,61.15423517,73.04226603,19.87753543,43.74861234,75.70414385,91.15837995,76.06739602,66.26357282,66.34089889,70.7908833,16.54288132,54.36390452,96.56439929,41.39303121,56.88243946,77.06378766,59.34312402,14.15354277,61.56979046,0,27.90320905,22.7076145,102.1729287,17.02729369,65.1085966,60.66936719,13.12903385,16.32922665,77.13780581,69.6013791,73.96813802,2.872907088,49.5891799,18.62355128,82.88784535,73.74180921,104.7318482,10.21825232,46.45763557,36.14580851,61.31485593,77.88967387,48.23206371,31.71253341,55.49864854,61.70249517,24.16341045,82.66032731,22.8189645,77.46792845,63.5402809,9.568230777,29.03529213,57.82383968,21.2985386,46.46946832,75.97994489,80.63788851,46.48435344,21.0187439,89.0468046,30.57424092,80.83621911,61.99310698,87.79360231,34.25312992,61.28956745,5.202059657,33.38982214,19.87368999,85.48778603,54.89701298,42.84140421,72.58904502,73.61286094,35.0422942,78.89939376,51.06374339,68.84342907,42.23869129,70.87679541,55.17286163,72.77673918],
    [18.94551955,37.50720546,33.01855188,62.62519364,49.67898839,83.41081452,35.41500084,33.77226909,64.81087282,8.129597631,16.02043472,55.69742364,65.22565249,59.89354101,38.46398485,43.77298567,43.23987214,21.31414443,38.84481352,68.72428744,30.21613674,38.8031046,49.42041596,43.25281486,24.75180994,34.42246454,27.90320905,0,17.05360431,74.27083441,44.57150172,39.36606041,43.12961626,39.49887377,30.20447918,49.54809705,45.57364928,46.86437726,28.38200688,21.94729039,23.93918448,63.69642777,51.07935682,76.86147622,37.53520326,21.88810188,15.91938746,47.9979314,66.79727401,32.10783826,5.984498915,32.43302698,54.52011935,17.49111317,57.45340374,30.84669109,56.00422724,50.31630764,36.11991109,35.13968221,30.13053033,20.46617297,26.51430386,48.15914003,53.28263497,32.21583886,6.936832776,61.6253927,26.94949649,53.2631161,50.76700941,59.99532883,31.30314143,43.07217781,22.8486794,31.03206225,38.0115404,59.15010284,27.00694393,16.04734413,49.21013847,62.66103411,33.07686432,51.10601006,39.82439659,59.45671402,34.38902089,55.59717557,30.76455759,44.9128289],
    [30.25790504,54.44740046,25.45017471,55.05226011,53.3220593,92.56036134,52.45823092,42.8577365,53.18749698,12.91176976,30.69122099,72.74923249,70.16279388,76.72730703,51.47162885,60.68429261,56.9540204,27.45184343,55.3385333,78.87700306,19.32632513,34.1749497,62.71135546,36.78472159,11.49408812,42.79133022,22.7076145,17.05360431,0,85.45472869,38.97364843,44.51180761,37.98867838,29.63490716,33.83387737,58.78574992,47.82377105,54.65698323,24.80085862,32.77355314,30.72714533,80.74911849,51.42575647,88.55614031,29.14308493,38.73444737,14.89639758,39.33554399,56.91937858,48.56240877,23.03782575,49.37558248,42.08559407,1.489695361,61.27115651,37.69808566,54.88622465,41.62950362,32.27129043,43.49161884,43.92763917,3.789269098,43.45855499,58.58857199,61.62430578,23.95980051,13.47505991,75.23912641,38.80869977,62.34464963,66.54784303,69.99998764,15.63541982,38.58524327,18.14094758,15.11622267,40.24857035,74.27955581,39.0244344,25.13606894,65.92317395,52.62682429,17.20194977,63.77183285,29.4135187,48.39134637,21.46216613,48.58666297,34.06010948,57.28386989],
    [85.21792873,55.15306618,74.07837052,78.88788215,42.64267312,14.8811854,59.05264616,42.71308346,94.17626033,82.34379,58.5617639,60.19854668,33.0618978,72.37666542,36.22507275,53.30653379,32.9042152,92.21633533,72.04015407,8.502714444,80.11403479,67.40954811,26.6765532,71.61220255,96.53014154,43.05771014,102.1729287,74.27083441,85.45472869,0,118.6764633,44.83518636,68.2894267,113.3740602,100.9657701,27.47712458,48.41466199,33.01110429,102.5259625,53.04807666,93.48332106,63.85034454,52.19042494,4.344192799,111.6936123,59.79218149,71.15158848,78.03887264,88.7699716,71.57936873,70.95927914,56.61780639,91.78237505,84.72321266,39.17784777,98.24670601,56.25770888,78.66687961,110.0599134,99.10598972,44.78154125,89.10085918,66.1694825,26.88483055,26.40192395,75.41057357,81.1783617,19.18521278,87.86871389,24.48998384,81.96742787,16.22163807,89.9974075,66.65405523,97.10674056,90.51081451,108.617396,30.19212064,47.32627294,60.47806116,48.79274422,87.3962057,91.51198326,23.96707588,80.72916903,89.49847722,84.99070991,74.94274053,54.61374442,29.54258423],
    [36.85186187,73.80628982,63.69004377,91.63491725,91.63981465,127.9588518,70.21903725,78.08950408,85.55411429,36.710848,60.11732626,87.3905677,108.1631675,85.76528821,82.57246787,79.62551903,86.80868221,28.38094234,65.05974979,113.2909538,56.5646103,72.87405967,93.14259316,74.81991987,28.57108367,78.54604703,17.02729369,44.57150172,38.97364843,118.6764633,0,82.12390812,76.44967954,12.92940951,22.20565565,94.02702215,86.45460784,90.96076574,16.18965731,66.43354018,28.70359282,93.91144661,90.36743191,121.0929517,10.90754416,61.38005932,53.00320984,75.99040469,91.29062491,59.7421853,47.78510626,69.41805478,74.34375897,40.35544323,99.61218872,28.68669798,93.83762274,78.10769869,8.744308277,33.36873219,74.05296048,36.87110665,59.66675092,92.73059229,97.59500823,62.04429293,37.80678804,104.8523653,39.84618207,97.73347015,69.99520347,104.5663186,47.90892214,77.2059088,22.22528106,46.98333649,18.86042676,100.4857013,71.55310176,59.81822564,86.09809167,87.09994439,48.24967304,95.15802874,65.62290029,81.9525446,56.46596008,85.81985114,72.12954801,89.17537411],
    [56.53666255,47.35539658,29.24684645,40.90806144,10.59793698,49.00461456,48.92956631,10.81667845,52.98763436,46.09750793,29.03235452,64.18576479,26.07171551,74.16185681,24.09914333,50.87696837,29.32082261,60.58604319,60.61798991,36.99524889,35.52872466,23.10523353,31.35529199,27.99104606,56.00551012,8.932641124,65.1085966,39.36606041,44.51180761,44.83518636,82.12390812,0,24.91760726,74.06020459,69.55058239,17.67088532,9.091174953,11.82520916,66.33144655,19.6363616,62.997341,71.6883852,16.25891966,48.69557814,73.22076242,38.70374219,29.63301166,34.90836097,49.67169109,56.04144465,39.25993411,44.49273755,48.32873591,43.43632157,18.1177488,69.55593695,22.49844098,36.07345989,74.25917297,72.9104507,24.94668045,47.72838779,48.33726062,20.1475265,18.62687261,30.60548898,45.18267382,42.01044151,62.80354078,20.34740556,73.97134122,28.61709852,45.84686606,23.40539594,59.92808865,46.45357427,77.37523363,47.32382332,19.6331596,23.34998594,51.8608488,47.08726333,47.23247071,30.02626434,36.05273795,47.66325406,40.24194483,34.92764533,10.608964,24.81918894],
    [62.03497797,66.44844157,12.77136775,19.9825785,26.05816786,69.53351239,66.85341664,33.22251871,28.41336895,46.28265837,41.9359784,84.87671156,41.39493672,93.34107608,47.43770617,71.20256879,53.19174178,62.74046684,76.12895969,59.9932439,20.23114455,4.336273539,56.00766575,3.37150965,47.90287058,31.57125831,60.66936719,43.12961626,37.98867838,68.2894267,76.44967954,24.91760726,0,65.59596567,70.58094495,42.17964497,19.93716317,36.05022733,62.78610681,34.49596665,65.82044578,92.82898492,18.3801825,72.39115434,65.99820326,53.72439712,27.43420833,9.995943844,26.54007271,70.25464025,46.36192195,62.45199747,23.58920636,36.51854372,32.08246243,72.99214962,18.92280286,11.24167907,70.214163,77.91353052,45.34427118,39.61239244,62.78713946,45.03590662,42.00615884,14.45623403,45.9179312,66.9268651,70.05028183,44.29190657,89.44289719,52.36969803,30.63101418,1.647087788,56.10658311,31.51369546,77.63360274,71.78393245,38.60166982,31.93793411,73.57681724,23.22013671,31.23601516,54.88759481,14.336341,22.92258114,22.33176473,12.88793885,19.81636675,49.39393802],
